6.635387010201618807e+00
9.444608754575654075e+01
2.597359543905659507e+01
3.974965004523103307e+00
1.004063783801563758e+01
3.553711933205938589e+00
1.357931443961489515e-01
5.068843334466514250e+00
3.059863675446849562e+00
1.194377652227288777e+01
1.322726327106241051e+01
2.141710436677323059e+01
5.347515704099609302e+00
1.058390408132357052e+01
2.502880365655223613e+02
1.398456200280640438e+01
5.928924144275469210e+00
8.135516638847569482e+00
1.715562420154043366e+01
2.143160859247686290e+00
9.138731510743589581e+00
3.834520390092517914e+02
8.933766035640621439e+00
1.628155590736150016e+00
5.201115694475399209e+01
1.419061258332565412e-01
9.174592020598201003e+00
3.373923259533708308e+00
2.800868275398331608e-01
8.369146908168929144e+00
1.457838505272030849e+00
3.041998538720580569e+00
1.620367008192077662e+01
5.242792761133933332e+00
9.369391783680315333e-01
1.242511121934041540e+01
1.548580183501232721e+00
4.251855778004604502e+01
2.225060033825050632e-01
1.787814587112595763e-02
4.808216359365623305e+00
1.631963109210344953e+01
1.205431807880626494e+01
6.389097032826436262e+00
9.710454764172576247e+00
2.599184020049994714e+00
6.555758946297826739e+00
5.199269690023583301e+00
1.133030900979905109e+00
2.928998965887808392e+00
3.905572795338248415e+00
7.645329657081373576e+00
1.518067061544869034e+01
1.107829954855972510e+01
8.424646588158742233e+00
2.063070181809608883e+00
3.694803943410195757e+01
7.796097605370663430e+00
1.247104367047852236e+01
3.260460003415542207e+00
5.537256921091687545e+00
2.882808024060583632e-02
1.473074913613378811e+01
5.940802396363947082e+02
9.075443532518998779e+01
7.744370245336846814e-01
5.698622144582936588e-01
6.231441024641851678e-01
2.278326296217849656e+00
1.078629435223047928e+01
3.866552165239363514e+00
1.541462544922014111e+01
8.998495972087434680e+00
1.511261404314561396e+01
3.178541346889228514e+00
3.672337008627901134e-01
3.445128425078608814e+01
1.313852865478396303e+01
2.083876634941280415e+01
1.232861095148784258e+01
1.382316430801990403e+00
2.147781444467578638e+01
2.722922921948476432e-02
1.033845298048044157e+02
3.987527075656389086e-01
1.730176274618564136e+01
2.095052014114455297e+00
2.148647903222703093e+01
3.136974326007215375e+00
2.412585120049152820e+01
6.122928202959766253e+00
8.447841474828516883e-01
1.218260505464334731e-01
1.254080101409177583e+00
4.282109726919803627e+00
1.311697759359613258e+01
2.654669035348780959e+00
8.396572907830531562e+00
8.138186418810549938e+00
1.417649581200439712e+01
2.913018460372715168e+00
4.579004390195477114e+00
1.871588077974176145e-01
2.210263077750141036e+01
1.152424515112862258e+00
3.174698552827024844e+00
9.832363107812941649e+00
1.102059138566811924e+00
4.434008421135341216e+00
2.952921119739118083e+00
2.272647753341616728e+00
1.477585825032367595e+01
1.471132024773661051e+01
3.671758340195815862e+01
1.915386564398955471e+01
4.424518358722685321e+02
1.429318111144463899e+01
4.081693170761863776e+00
8.384572125988729852e+01
2.855564616669074098e+02
3.230052153625204842e-02
5.391225635959855111e+01
6.778192472033576443e+00
6.542477079488793201e+00
2.153084359658880231e+01
2.238640988255922726e-01
3.021288833614732283e+01
1.100919771681424297e+00
1.276877625406183547e+00
1.415624035514767343e+01
1.299834009212986352e+01
9.772454122757686434e+00
3.820177030831040543e+00
5.791201375502611270e+00
1.106483368211610951e+01
4.346666783454010385e+01
5.181869062831624406e-01
4.420496108994946383e+00
4.383574473662572579e+00
8.951118727817669596e-01
4.830596740436565284e+00
3.285802297235202563e+00
2.359631234908818342e+01
5.637857221400736307e+00
1.315925449509814094e+01
1.084063968261089350e+01
5.771178501067222300e+00
1.016022036632798731e+01
6.184583625554362918e+00
1.291443679579181669e+01
1.003173442058233444e+00
4.586637627040380494e+01
1.441751847861441505e+00
1.704953199039345435e+01
1.270694844843665017e+01
3.627837655353991977e+02
6.937372690019611099e+00
8.175169649773190272e+00
2.560828439614859064e+00
7.822607959183340398e+00
1.414263773703623439e+00
1.080907844680322825e+02
2.072809810116900309e+01
3.233078467343451834e+00
2.842658795214042300e+00
1.526483631210279190e+00
1.997917691882105995e+00
1.527124389562742601e-01
7.308061999203204095e+00
4.296216678088733687e+01
1.698866984399176516e+01
4.346468820604528815e+01
2.642565202148506387e+02
3.176222977057713059e+00
7.132302185661130167e+00
2.073091201762958136e+01
1.938089346740782037e+00
2.037813913109685018e+02
5.271379900042926003e+00
1.815020203407371113e+01
8.191696728263327287e+00
2.824335138730976382e+02
5.711067034948221988e+00
3.317413716848285077e+01
4.462580313332468407e+00
1.250647755788372884e+01
3.490867313763983848e+00
6.898589168960570284e+00
5.227861917187055951e+00
3.224290356601122176e-01
2.420984212218463583e+01
1.161339955742095498e+01
3.195267147993416046e+00
4.125744885185167732e+01
2.370157628311007902e-01
6.286227139277928977e-01
1.432723551777118409e+00
1.273971416420515546e+01
7.413438118527233200e+01
2.678624501221271004e+01
4.111625627579934772e+00
7.447086894779256561e+00
1.205288448278597713e+01
1.817749319041835010e+00
6.111274304905160992e-01
8.820856334795024623e+00
7.229134085907102047e+00
7.326905460267988168e+00
6.919693048914022926e-01
1.279588774070341550e+01
1.727796322052333267e+01
1.355738412018020433e+01
2.242177772508729845e+02
1.211850178255697408e+01
1.107567725253870883e+01
1.548028453837843710e+00
5.142035400446113291e-01
8.534319838905258138e+00
1.900716206382745410e+00
1.710564678644173142e+01
3.081278362524416892e+00
1.890054106560964442e+01
3.751359526965628355e+00
1.053267930668232033e+01
1.436989438901052907e+01
1.329876730412206243e+01
4.880100064229901591e+01
3.825693381273743032e+00
9.764838717987426975e+00
3.012022221234569752e+00
8.885855171230555571e-01
2.527930273141305051e+01
5.513766319917312586e-02
1.530241694570068489e+01
1.111070241618900667e+00
5.498775055032648851e+00
2.381307666310666260e+00
2.552151247528417599e+01
4.626771751974555258e+00
6.893309723715216109e+00
7.683925721612395954e+00
6.697772286297948519e+00
2.116360614111347616e+01
8.419771305616514656e-01
2.456084053455542371e+00
2.455934737402347423e+01
1.341952942423017348e+01
7.845359610441916765e+00
3.036971777668575712e+01
2.580517384730313779e+00
7.683755344314823210e-01
1.492802593992499638e+01
5.715182046537644389e+00
1.857298166846547005e+01
6.119903755262502409e-01
1.400414762203231689e+01
3.701572134668652581e+01
1.643580491830003210e+00
2.095119765066654427e+00
4.003227387202492764e+02
2.617341164436508549e+00
1.119948377172400988e+01
2.166124525555493285e+00
6.926166759942505635e+00
6.451662730875549201e+00
2.816570373256098492e+00
8.938348474853899717e+00
3.648619567188636115e+00
1.539067988465589920e+01
1.846494886178472683e+01
9.522047433437794695e-01
1.168016138385247427e+00
1.205417605418524829e+01
3.140455272161224443e+01
1.145634605195638756e+00
1.612199998482104846e+01
2.420743649108842632e+01
1.680482102842083547e-01
1.796977244537281848e+01
2.448606776678776686e+00
1.760011661701442165e+01
3.985471115413837850e+01
6.924044074969223139e+00
1.373027432375817547e+01
1.323890359763065838e+01
5.867322608782665760e+00
2.021078048792449344e+00
1.642277623972436231e+02
5.826899489520366515e+00
8.557043997372915101e+00
7.533634837359999281e+00
2.040275395600291475e+01
1.279672397484637614e+01
8.191886562666955696e-01
9.551888868249690745e+00
3.278953685706111898e+00
8.542630984533891692e+00
5.333048845871571686e+00
4.808511523171813629e+00
1.144694748914167803e+01
8.341268969605459915e+01
1.182886958233625219e+00
6.235700209368334690e+00
7.395923096462095003e+00
1.343629092149090276e+01
2.275662754232329377e+01
9.158147378313368225e-01
1.925775492591073945e+00
2.574731965813762358e+01
3.995966547484771425e+00
2.817953642878766374e+01
2.516002045203427073e+01
1.955123173035948403e+00
3.916498299366709901e+00
8.354688234606062025e+00
1.162917916955961850e+01
1.168892982453207097e+01
1.476380057370301380e+01
7.780741563444506514e-01
4.895336847345136633e+00
2.537827425027280270e+01
3.675986862460752036e+01
1.000241254328808616e+01
4.222108280818049053e+01
1.336016915115779691e+00
2.241527960853749057e+00
3.864540822530964093e-01
1.166659969846118194e+01
8.448593047517318766e+00
6.284523933913409799e+00
1.768366887153182354e+00
1.105560696719892277e+01
1.695078408669250303e+00
2.881350444175056147e+00
4.559480190953053125e+00
2.584182005832821716e+01
4.464692072191461136e+00
2.250307428723506860e+02
1.803082281304971557e-01
2.585229357895331148e+01
9.648440339236151075e+00
2.200696858018103441e+01
1.082852403247360584e+01
5.936043146229841305e+00
2.042277727932829379e+01
1.689806289269957063e+01
1.165655480626217821e+00
7.044624611753808274e+00
1.431649513438837951e-01
7.343876179942235183e+00
5.495131914791150096e-02
7.999512792708366682e+00
2.312384965154637317e+00
1.242287611068218567e+01
4.668515220453091530e+00
2.893876621080895273e+00
1.412097085220505335e+02
1.322446654527597509e+01
5.644512784474619016e-01
4.857480739675915871e+00
5.791213619764073783e+00
2.708492271368508675e+00
4.849878570977625536e+00
1.194022983402322380e+00
3.070285229662322202e+00
1.848290878750539079e+01
1.371682725846664042e+01
7.903913740020670708e+00
6.945407143848755460e+00
4.028076535248010792e-01
9.571459435937895721e-01
1.091600267513216771e+01
1.590271819249832319e+01
2.222439206071641138e+01
2.149941635483683910e+01
3.411287753885275387e-01
1.673595190361635332e+01
1.162863087755022229e-01
3.888331957145170747e+01
7.409803993123169619e+00
1.379007491186446543e+01
1.400012272764646681e+01
7.422478069891852215e+00
6.051902380947014493e+00
2.036454043891271226e+01
1.821783868370275172e+00
6.633805170528296324e-01
1.077161289856233850e+01
2.193173555293743249e+00
2.140927483545381982e+00
2.177424493305803566e+00
4.978836164286321586e-01
1.160745704256336097e+01
8.825195825864936339e+00
2.135216179202731990e+00
1.133947197211276858e+01
2.794763826104210036e+00
1.043340576037347311e+01
2.584242845919836995e+01
1.402108133414136049e+01
4.598503124944534726e+00
5.473202613599653432e+00
9.417734985522459468e+00
1.830177077303205024e+01
8.438414442120636849e+00
2.475799594530795034e+01
2.113029206139262683e+01
6.385468876042690312e-01
2.710344192254130480e+00
8.621223682884339823e+00
3.886462771434317620e+00
1.235240433790789005e+01
2.180780942815530210e+01
1.695069812210108662e+00
4.332500812864526485e-01
1.087660441367984454e+01
5.791565913713007774e+00
2.676938091586290014e+01
2.707946057743257740e+01
1.004445159163507562e+01
3.836465136206913762e+00
3.175188424852768065e+01
5.964927485228848525e+00
3.297621248381842918e+01
2.252287649990041718e+00
1.946904883721273194e+01
8.259116955485406031e-01
6.296393678114851511e+00
1.754657100663804814e-01
3.499153020240143519e+00
2.077389204045200888e+00
8.472927746573649443e+00
1.841055569671920367e+01
6.847394970538758230e+00
8.668834513218552473e+00
4.526503431238254826e+00
1.516176261285956395e+00
7.097297915933761026e+00
7.465734530057803298e+00
1.833692036135360581e+01
1.731798069132885942e+01
1.943662595137285010e+01
1.522089419567483004e+00
4.642332999071602018e+00
7.702415717005957063e+00
4.895800877487058500e+00
2.845525267716892959e-01
5.768644318263759452e+00
1.036552070739480413e+01
4.957227835853044162e+00
4.603900143938939316e+00
2.898653800945841130e+00
1.655126402003575192e+00
1.641906393731194669e+01
1.809367703703557950e+01
1.456071481501309606e+01
2.595699014402853066e+01
4.840766485592917334e+00
2.323902325361287780e+01
6.634306540656268680e+00
2.812094628040788535e+01
1.266882627536300987e+01
1.784112247799933382e+00
1.658525179012845463e+00
1.857942977208308832e+01
8.384674165460490158e+00
1.484916904830561180e+01
9.530008820575721629e+00
7.031704189985985565e+00
8.457883681698431744e+00
1.681043083810156347e+01
3.398772563616017539e+00
1.107401443865714263e+01
6.173825297312625082e-01
5.971381094713044035e+01
4.342288603849440420e+01
6.379708136663592377e+00
1.319681438988721744e+01
2.062394769339233846e+01
5.100579418125922970e+00
2.075616533564850386e+01
2.130569742006054668e+01
9.146586719292782997e-01
9.477399181733968447e+00
2.068588215812887210e+00
4.162007935602912490e+00
5.234060669942302901e+00
3.740840942910303113e+00
3.628108390003649220e+01
4.405730483667857023e+00
5.766922266233059702e+00
7.167535182540310856e+00
6.250313482924076069e+00
1.111860617887984048e+01
3.385155743479042911e+00
1.090222907908753669e+01
6.491142885254637918e+01
9.614419642382205922e-01
8.339343017371252387e+00
6.026399999289802523e+00
1.889401485153266691e+01
4.615660108976401332e+00
9.354675090672206039e+00
1.518734347468893242e+00
1.528740821376450620e+00
5.857045356188814722e-01
4.620175646204786801e+01
1.596471719745126983e+01
4.820804453002892842e+01
4.339504934869835573e-01
1.673377211820611521e+01
4.717060509983980410e+00
1.333511309034071957e+01
3.953529910956445903e+00
3.062283757747045421e+00
5.210357034568065870e+01
1.230324330184118153e+01
7.569787436761403754e+00
1.677686178358406721e+01
5.526303705369008945e+00
1.231799273681452256e+01
3.744808301559432007e+00
5.179846200833691794e-02
7.791673836718962853e+00
3.097377061267216902e+00
2.463936188796231619e+01
8.532206924872619780e+00
4.959766333992943643e+00
5.517704752417088576e-01
9.060350561052128882e+00
3.682586099648839983e+00
1.567524673387458378e+01
1.223511669347791125e-01
1.459132358922790651e+01
2.535251581496909434e+00
5.579615632883694332e+00
2.506359507181991830e+01
7.724983138248152414e+00
1.006569026300424108e+00
9.978080533338465230e+00
1.717089565876332991e+00
5.347687426119437148e+00
7.011579982820498103e+00
7.065523631531496207e+00
2.244946742882216384e+01
4.916041306064703065e+01
2.288830749764515726e+00
3.401091630177164760e+00
1.815401675900404754e+01
1.150718574063289257e+00
1.549567347503196757e+01
1.356077909224470623e+01
2.822438896100288308e-01
3.121334821168391116e+01
6.409559486951708607e+01
1.044589457593938775e+01
7.944002157791103969e+00
9.151402707529481262e+00
3.385309898068101120e+01
1.821231910873497117e+00
2.494311536278288166e+00
2.136689553724142154e+00
2.739874262551836992e+01
8.747566916554458061e+00
1.872726536464360336e+01
1.172925724484203869e+01
4.032141458516930399e+00
4.357698366298608050e+01
7.062252023855428718e+00
1.714907241981168795e+01
1.554173861555317115e+00
5.274861386091883375e+00
5.731585781384329614e-01
7.040012338743451004e-01
1.460528609672539169e+01
1.724911938016782997e+00
6.263966742158352474e+00
3.136291991187761141e+00
1.167016100975370918e+01
4.960276069184107683e+00
7.540075075809467897e+00
8.822736625050559001e-02
1.400240229831769767e+00
1.184476627064675114e+01
2.403371094649063178e+00
4.640244571246215699e+00
6.274667731824486339e+00
6.382021426506908846e+00
1.889371804860500603e+00
1.362302606203666322e+01
5.402525596984077971e+00
1.051227435100196317e+01
5.423238015530392531e+00
5.597304078422979501e+00
3.100984140955954871e+00
1.287849760851420200e+01
2.027643207471473730e+01
4.842290052916784937e+00
7.094220239855639321e+00
1.892397576730602715e+00
1.705476766089979890e+00
3.760336244614780554e+01
1.292628664982107445e+01
4.840279371043328283e+00
8.482327311214470811e+00
6.017714876538534652e-01
3.253573981812420080e+00
9.153493467378165604e+00
1.572116719454220402e+01
1.315384231539852777e+01
2.488626752613977811e+00
4.308382985393501841e-01
2.261882078510828009e+01
8.135673139082308936e+00
7.596841101772867866e+00
1.241489871088160157e+01
8.773095785993907825e+00
4.600246774362382496e+00
9.865153512476142694e+00
4.279193816218692881e+00
6.860826062839588957e+00
7.575210274429738933e-02
7.735175226802102344e+00
8.576487241081828472e+00
8.429912088992736585e+00
2.628632034348455448e+01
2.879125061236146976e+00
2.046897218216177450e+01
8.454780699616538442e+00
9.232598778756589297e+00
2.784258550680282607e+00
1.268073063170243664e+01
9.499276006168770436e+00
2.538267721224706008e+00
8.273911613447257452e+00
3.828636765568251832e+00
4.610276199511275763e+00
2.738328559061367429e+01
9.198896395944601290e-01
2.095272177782777590e+01
3.290298379905150394e+00
5.032336429255160937e+01
5.178297312640809835e+00
1.002524111946608176e+00
2.582095103334723696e+00
4.844489652191073858e+00
3.061150495665093674e-01
4.965583452106861806e+00
2.983789022159109905e+00
5.065177058583723912e+00
1.126463849089556907e-01
9.451077663217246183e+00
1.075114966165582153e+01
4.767732070923923260e+00
1.610867848311058736e+01
1.416283977334501465e+01
6.134696845248591712e-01
1.891725601466255213e+01
5.136267004093530097e+00
9.690538912377778757e+00
9.052024409543005135e+00
2.388347855295336331e-01
2.247758018470488395e+00
9.334100138590688545e+00
4.604918284940236362e+00
9.677236845523246700e+00
2.752354623068550410e+01
2.466650962487148824e-01
1.091424712821180476e+00
1.951513795796487871e+00
1.134241728042245967e+01
3.049952538889736608e+00
1.842468543192266139e+01
6.014413512795063754e-01
2.959719185411744746e+01
1.164061489698320351e+01
9.747395815912089034e+00
3.572800037980743859e+00
1.696425103101234200e+01
2.840324171689050825e+00
4.269504333777203176e-01
7.997042707766200742e+00
7.954342285787465272e+00
7.438569754689290381e-01
3.483575651891950731e+00
1.600874182867585649e+00
7.069045923623468397e+00
7.813872586695903522e+01
2.660224411153320645e+00
2.742013325553185865e+01
3.676997644921169428e+00
2.770213814835763344e+01
5.777930633998443533e+00
6.442840411184501903e+00
1.516441858380239438e+01
7.106887348925818859e-01
8.177315242327141576e+00
1.402357075003984122e+01
6.430371176928881827e-01
2.506531171598855856e+00
2.269460390662812799e+00
8.343071790419742229e+00
1.106028455691632040e+01
9.640723154185385724e+00
4.049169824538029872e+00
3.283158225978732858e+00
8.086548576207936989e+00
3.065284649299991226e+00
1.480557384778669328e-01
1.462894405894882510e+01
1.061822767628694031e+01
3.750722912329319758e+00
3.251317563964087753e+01
5.612013003579226833e+00
9.275671205373797079e+00
6.022227286007532321e+00
8.574513675332758211e+00
1.596376376388790597e+00
4.426639940753893399e+01
1.282733911694789342e+00
8.514242253967326590e+00
2.445827811848065303e-01
1.705919286289169223e+00
7.082807309944730290e-02
2.167184768238570758e+00
7.854047134596687130e+00
1.911957157828786391e-01
3.219391778186356134e+01
1.810704305972698158e+00
3.481120333399526645e-01
2.790312403912784234e+00
2.190312298963537962e+00
1.171645272585915265e+01
1.759319646315076469e+01
1.461319573817200013e+00
3.655410826265055313e+00
1.765231620391002343e+00
7.454335977882738717e+00
7.548580436551092454e+00
3.805040482448630712e+01
6.085453880230859980e+00
1.948218819016546632e+01
8.242251049869985025e+00
2.850798369079842942e+01
9.605469648089751900e+00
8.514500043038653487e+00
6.806522072444256111e+00
6.608464300395954005e+00
1.111629812857887245e+01
5.702204361688423262e+00
1.920068237907345488e+00
2.126864993152126999e+02
5.562251366946585840e+00
2.522070115714976168e+01
2.665707730108846096e+00
1.821078849094779128e+00
1.560467424964631311e+00
2.220476209661442013e+01
6.979038369942134779e+00
1.219777531593174444e+02
1.166658515587936940e+01
3.954863308979986058e+00
2.994861264257537847e+00
8.369604555281537017e+00
2.137513294589734159e+00
3.735694951071301784e+00
5.534794402960038440e+01
5.107414038385557298e+00
4.253844949716848234e+00
8.261337795783852300e+00
1.476141674794891667e+00
7.096643221689542536e+00
3.324679398712913514e+00
1.827308743712475536e+00
2.436345246482697036e+01
2.960448060006017101e+01
1.478656168697210838e+00
3.450532036937932201e+00
4.172495934816083718e+00
7.598111803782051865e+00
6.207958830730364141e+00
4.584160716977753403e+00
1.992501192705345048e+01
1.044276467300017686e+01
7.641603796454651487e+00
1.452731653937296974e+00
1.392531182404584733e+01
5.299356196133971686e+00
3.629822007419544860e+00
1.811925909041279326e+01
1.278608619977997307e+01
2.675362821053332851e+01
1.375453630510204484e+01
2.722742635318820437e+00
2.799126562193377765e+01
4.044136472499041401e-01
1.624066936693986829e+00
5.463141966973905994e+01
1.625068561151133961e-01
4.206526333176424259e+01
2.955984686695999031e+01
1.989049103025458365e+01
8.384118083304471725e+00
2.545438330457303522e+01
8.242519486334398238e+00
4.246325131691028432e+00
2.539281622683426942e+00
3.173530906405744645e+00
1.352718742173922806e+01
4.732793385783543805e+00
7.265370805570317891e+00
7.485243197106189683e+00
6.748901802714030396e+00
1.324124716123180057e-01
6.777207652787290648e+00
5.425238372163930478e+01
3.517487726942007509e+00
3.163912231912060502e+00
2.460572960991204283e+01
9.453591043198342092e+00
3.315852727795057131e+00
3.084692304729824741e+01
6.552627754128508286e-01
3.764912623696629623e+01
4.684730080385666184e+00
1.193489796116566026e+01
3.029853120106584807e+00
1.544313641641741341e+01
6.848879018048643630e+00
3.111330308407126566e+01
1.270303908812321758e+01
1.438073319168005071e+00
1.301370142147956210e+00
1.058025939901801848e+01
5.172213353835440897e-01
2.412851070164562517e-01
2.084917871125577804e+00
1.643384647920417407e+01
2.696935647873834885e+00
6.825909553194490442e+00
8.619379550391080613e+00
2.367442396859100384e+01
8.198347069980515656e+00
1.507488521015415373e+01
5.841933983705889233e+00
4.612026065705841837e+00
1.835489704828163482e-01
3.731825530946977221e+00
6.070454341513294771e+00
2.745184070295584977e+00
5.252434917048208973e+00
1.795686866319514152e+01
2.692769887011873919e+00
4.224865345451727650e-01
1.232864899177043450e+00
8.081544187262743151e+00
4.680314235150737190e+00
9.261551387071554231e+00
1.747391923953179882e-01
5.934717540976151007e+00
2.416733477491677551e+00
5.681489966946903003e+00
1.235624504359976328e+01
1.033768041384200309e+01
1.170570925939669138e+01
3.306453669994531719e+00
9.602399182244425901e+00
2.854489972212329008e+01
5.748289790032674595e+00
4.597824377941371665e+00
5.369087522245408195e+00
7.023904763046325606e+00
1.072647054207169148e+01
1.784873200944111504e+00
1.056436700035278875e+01
9.296570951623561285e+00
1.150983050446840039e+01
1.377110666793902105e+01
1.122072576733673221e+00
1.244175121254177618e+01
9.138815482364909926e+00
2.878416769549691612e+00
3.990488342998527171e-01
3.879974557838719029e+00
1.169322490370178613e+01
4.730538206457190142e+00
1.641256476001125719e+01
2.250913140168034943e+01
7.671544667981951449e+00
3.009680226682930027e+01
9.739035372718547023e+00
2.082245394074145217e+00
1.994735545128296095e-01
2.275699816665257558e+00
1.712484578927741641e+00
6.000046905780869189e+00
4.319241728005781056e+01
1.302664707036552905e+00
2.245269838056769345e+02
8.305518540564341023e+00
5.520826562734751697e+00
5.636797935102232593e+00
5.132896796913733795e+01
8.590893299615661505e+00
3.021751973055334872e+01
1.484767506184891062e+01
5.092801478189096231e-01
1.659006619984031516e+01
3.330541633135571722e+00
2.387587767889514545e+00
4.792611948608745287e+00
3.618419832658760882e+00
2.027152206206503937e+00
2.110763034704822516e+00
9.889063402010824788e+00
2.217095655162295031e+02
7.509924035529498276e-01
1.610586508176131471e+00
9.524385671171927470e+00
1.438977334311926537e+00
3.224249782177616819e+00
1.292421305473997606e+01
3.770260034110163971e+00
8.067616717271944182e+00
6.472391234485623812e+00
3.457727926057737022e+01
4.867289696427350876e+00
2.120758368581175279e+00
6.568315216494502451e+00
2.014966384899483742e+01
7.240269063992371912e+00
1.864423358661322361e+00
8.678161571893459936e+00
4.610510664049039775e+01
1.421280359125826465e+01
1.967416847609130670e+01
2.317092197992801061e+01
6.576763211281191346e+00
4.772642308833728642e+00
8.087509402981577722e+00
7.807133337571702469e+00
2.067434689929909197e+00
6.035094968925333703e+00
1.520442203318284236e+01
2.018075524322142211e+00
4.446974428835966719e+00
2.367853144100026341e+00
2.751882186879273107e+00
1.477103804996944802e+01
3.471339610523253683e+00
2.316592738784549610e+01
5.216740142024360871e+00
4.659308166322203348e+00
4.006433011372826591e+00
1.157650257285247797e+01
3.954871405474578161e+00
2.156894465014220685e+01
4.176107526913655832e+00
1.913634765955235295e+01
8.014745727642262452e+00
4.209037204628339524e+00
4.302901637575721194e-01
1.209964818592343327e+01
1.431858018194126281e+01
1.041061916086601968e+01
7.647964893105924089e-01
2.008947138342159633e+01
6.277941614201197673e+00
1.646482781844704757e+00
6.174163960829844200e+00
2.873079577940746532e+00
1.139425385693293258e+01
2.584119706509718117e+00
7.457907635187124296e-01
1.038210377044735289e+01
7.296916358386013712e+00
1.398799393753634490e+01
1.331213153118794068e+01
6.950212602701963505e+00
2.805131053699735233e+01
4.557276495378318515e+01
3.573212360747443750e+00
2.399724148107833965e+00
2.579603692785386926e+00
6.752384206515904452e+01
5.809846514898997327e+01
1.194472413970657731e+00
1.272284808313090565e+01
1.003524427347366412e+02
1.695669268058020052e+01
3.429255849675531067e+02
8.518288573275205167e+00
1.141182713386660623e+02
1.178258067217188199e+01
3.281988981076479206e+01
2.985136212222189833e+00
1.846955617518955206e+00
1.508905859161113128e+01
3.891259614099876085e+00
5.446390022619491234e+00
